9.584705713726862086e-01 9.891465118719999783e-01 9.157273811009999237e-03
9.600212111738528620e-01 1.020797549629999912e+00 9.476491545609999970e-03
9.605956612382442472e-01 9.896674129010000209e-01 9.104659690250000575e-03
9.607571079930039559e-01 9.943760522950000347e-01 9.609651819319999302e-03
9.609148001435414699e-01 1.012004533260000061e+00 9.207162507949999408e-03
9.610724922941926707e-01 1.005940708600000066e+00 8.713451131939999386e-03
9.612376936530608873e-01 9.834094079780000275e-01 1.099539566779999915e-02
9.613953858035984013e-01 1.002333212939999996e+00 1.002042997149999934e-02
9.615530779541359152e-01 9.991584295259999804e-01 1.005278132300000023e-02
9.617145247088956239e-01 1.024082636950000014e+00 9.716447979000000443e-03
9.618722168594331379e-01 1.010905020800000109e+00 1.018214188250000062e-02
9.620336636141928466e-01 1.002601441169999941e+00 9.025215388939999625e-03
9.621951103688388685e-01 9.968539460180000367e-01 9.098317953590000229e-03
9.623528025194900692e-01 9.770650313249999996e-01 8.839865355119999948e-03
9.625142492741360911e-01 1.006087679780000022e+00 8.534021221849999450e-03
9.626681869954154536e-01 9.968710035719999807e-01 8.534259539520000493e-03
9.628296337501751623e-01 9.977962375279999518e-01 8.819405066550000533e-03
9.629873259007126762e-01 1.007406495159999915e+00 8.202186339740000220e-03
9.631412634471416823e-01 1.002060951080000040e+00 8.190480633129999799e-03
9.633027102017877041e-01 9.915601919700000044e-01 8.121795054609999912e-03
9.634566477482167102e-01 9.915234276290000315e-01 7.818890861250000351e-03
9.636218491070849268e-01 9.999197007919999880e-01 7.966569265860000415e-03
9.637870504659531434e-01 1.028326768569999938e+00 8.398786461549999707e-03
9.639522518248213601e-01 9.986451146539999657e-01 8.162213163200000149e-03
9.641174531836895767e-01 9.895680882139999968e-01 8.074522518229999488e-03
9.642713907301185827e-01 1.014248720219999900e+00 8.070480409449999615e-03
9.644328374848782914e-01 9.989076029200000262e-01 8.683273186100000027e-03
9.645905296354158054e-01 9.957728347049999984e-01 8.257359923529999576e-03
9.647369581483644652e-01 9.971075050500000092e-01 8.303453030830000581e-03
9.649096685407130281e-01 1.000310462480000107e+00 8.160389951870000019e-03
9.650598514829198393e-01 1.017852628149999994e+00 9.523507446950000080e-03
9.652175438083077097e-01 1.011083122270000079e+00 8.815056235169999727e-03
9.653864995965477647e-01 9.991877197759999607e-01 7.847094875290000840e-03
9.655404373178271271e-01 1.004284331600000080e+00 7.955363174870000442e-03
9.657018840724731490e-01 1.005390495069999890e+00 7.776641121360000110e-03
9.658633306523825013e-01 1.005008458120000059e+00 7.796332327309999852e-03
9.660172683736618637e-01 1.012845593900000063e+00 7.720553612740000023e-03
9.661749605241993777e-01 9.993570943009999485e-01 7.601356606399999744e-03
9.663364072789590864e-01 1.004586825799999916e+00 7.775255594000000242e-03
9.664828357919077462e-01 1.002484332899999941e+00 7.622429759949999641e-03
9.666442823718170985e-01 1.000134088430000068e+00 7.482147277389999615e-03
9.668320111807133799e-01 9.980362634710000513e-01 7.592030302119999637e-03
9.669934579354730886e-01 1.019404496679999994e+00 7.619170897909999587e-03
9.671586592943413052e-01 1.001764229249999971e+00 7.380125253480000411e-03
9.673013332030677702e-01 1.001959770000000027e+00 7.424001862089999598e-03
9.674665345619359869e-01 9.943175277139999491e-01 7.410620068529999958e-03
9.676204721083649929e-01 1.011199235559999909e+00 7.487642010040000164e-03
9.677781642589025068e-01 9.965868005079999703e-01 7.508572288629999925e-03
9.679358564095537076e-01 9.892198527940000430e-01 7.545165509950000141e-03
9.680973031641997295e-01 1.006468782200000023e+00 7.696791914729999781e-03
9.682512407106287355e-01 1.004723346000000017e+00 7.494544298430000015e-03
9.684126874653884443e-01 9.930136766189999742e-01 7.563956069050000244e-03
9.685778888242566609e-01 9.824165664149999699e-01 7.498885031210000135e-03
9.687393355789026828e-01 9.887684930090000490e-01 7.401018206400000049e-03
9.688820094877428346e-01 1.005304632999999948e+00 7.543127902410000189e-03
9.690472108466110512e-01 9.987602507210000535e-01 7.486289158610000272e-03
9.692124122054792679e-01 9.969144289400000414e-01 7.527325348389999650e-03
9.693701043560167818e-01 9.808648206150000215e-01 8.066136069290000613e-03
9.695353057148849985e-01 9.906511786289999844e-01 8.246113795190000012e-03
9.696967524696447072e-01 9.978587318230000003e-01 7.713931738970000035e-03
9.698544446201822211e-01 9.999178278639999640e-01 8.267910333220000046e-03
9.700121367707197351e-01 9.904075961630000036e-01 8.125791932089999198e-03
9.703275210719084498e-01 1.008718034329999957e+00 8.177460823519999700e-03
9.704927224307766664e-01 1.005805348109999997e+00 8.620640918600000480e-03
9.706466599772056725e-01 9.932020579329999821e-01 7.987280796229999716e-03
9.708118613360738891e-01 9.958775669589999824e-01 8.095567759420000536e-03
9.709620442782807004e-01 1.011348349199999941e+00 8.069945399069999512e-03
9.711159819995600628e-01 1.000274176510000057e+00 7.893385428539999651e-03
9.712736741500975768e-01 1.009077620640000061e+00 7.907977766579999193e-03
9.714351209048572855e-01 9.994748949389999915e-01 7.838248659379999303e-03
9.715890584512862915e-01 9.869837027860000056e-01 7.716466717220000354e-03
9.717467506018238055e-01 1.000980365720000043e+00 7.821395056149999664e-03
9.719081973565835142e-01 9.927873777400000321e-01 7.702569959370000365e-03
9.720696441112295361e-01 9.889341775509999932e-01 7.707728143349999901e-03
9.722348454700977527e-01 1.005054685429999983e+00 7.567185124759999784e-03
9.723962922248574614e-01 9.983815993929999744e-01 7.552650887229999700e-03
9.725539843753949754e-01 1.008580565579999977e+00 7.591469168740000266e-03
9.727079219218239814e-01 9.968971785119999929e-01 7.640516046300000266e-03
9.728656142472118518e-01 1.001732019260000106e+00 7.788284828520000355e-03
9.730195517936408578e-01 1.003438840310000080e+00 7.563183925760000141e-03
9.731809985484005665e-01 1.004836719150000057e+00 7.685274677930000083e-03
9.733424453030465884e-01 1.018049266910000084e+00 7.927316225030000066e-03
9.736578296042353031e-01 9.835038541730000139e-01 7.974646639350000191e-03
9.738155217547728171e-01 9.989138672930000240e-01 7.615946730210000279e-03
9.747654294371841388e-01 1.004185287170000107e+00 7.616153896439999994e-03
9.749381398295327017e-01 1.001100179270000057e+00 7.709541318249999581e-03
9.750808137382591667e-01 9.904931079690000306e-01 7.746521871810000195e-03
9.752460150971273833e-01 9.967032784020000147e-01 7.901316375850000670e-03
9.754112164559956000e-01 1.005050313219999936e+00 8.510500393240000294e-03
9.755576447942075902e-01 9.992671758860000031e-01 7.982008794650000821e-03
9.757153369447451041e-01 9.918320197319999698e-01 7.974666383509999845e-03
9.758767836993911260e-01 9.927536679499999739e-01 8.739429931530000653e-03
9.760344760248926832e-01 9.883036453760000173e-01 8.657025883230000038e-03
9.761921681754301972e-01 9.875509034189999813e-01 8.261719067260000354e-03
9.763611239635565653e-01 9.865964777079999637e-01 7.851892870729999460e-03
9.765225707183162740e-01 9.988186452909999513e-01 7.949855128540000287e-03
9.766840174730759827e-01 9.932891046539999991e-01 7.820607434960000562e-03
9.768492188319441993e-01 9.853025972990000492e-01 8.402459014499999435e-03
9.770106655865902212e-01 9.973651705739999818e-01 8.012642305400000803e-03
9.771683577372414220e-01 1.010208612810000073e+00 8.291350637799999729e-03
9.773260498877789360e-01 9.926596276260000185e-01 7.922564755399999492e-03
9.774837420383164499e-01 9.950514755129999944e-01 8.082556690350000544e-03
9.776451887930761586e-01 1.002877904870000059e+00 7.851698593449999916e-03
9.777991265142418342e-01 1.004226885440000050e+00 8.186171664090000771e-03
9.779605732690015429e-01 9.958243553300000217e-01 7.884086441580000215e-03
9.781295290572415979e-01 1.010421773020000025e+00 8.844656802280000465e-03
9.782872212077791119e-01 9.952249223079999707e-01 9.122656631990000084e-03
9.784486679625388206e-01 9.988058011949999537e-01 8.321784099479999364e-03
9.786026056837044962e-01 9.898512370850000019e-01 8.168846117030000714e-03
9.787640524384642049e-01 1.006659341670000041e+00 8.006988130889999833e-03
9.789217445890017189e-01 1.006703523609999928e+00 7.739338026159999634e-03
9.790831913437614276e-01 1.001793992769999919e+00 7.903053318010000439e-03
9.792446380984074494e-01 1.010792987349999894e+00 8.211158880110000155e-03
9.794023302490586502e-01 1.000810661640000099e+00 8.051714530289999158e-03
9.795600223995961642e-01 1.012029856829999908e+00 8.250910122480000289e-03
9.798829159090018948e-01 1.007210841110000032e+00 8.138781671570000445e-03
9.800368534554309008e-01 1.000947155770000041e+00 7.761748910060000187e-03
9.801983002101906095e-01 9.995369849209999602e-01 8.136304620670000223e-03
9.803597469648366314e-01 1.008905847739999917e+00 8.081528030080000272e-03
9.805211937195963401e-01 9.961078751909999696e-01 8.209759846370000627e-03
9.806788858701338540e-01 9.837775864600000197e-01 8.302605043530000145e-03
9.808440872290020707e-01 1.002524237859999889e+00 8.395896614970000185e-03
9.810017793796532715e-01 9.947728894770000441e-01 7.863879619320000500e-03
9.811594715301907854e-01 9.937330870959999451e-01 7.909214756069999491e-03
9.813171636807282994e-01 1.000959922779999900e+00 7.930321454160000130e-03
9.814748560061161697e-01 9.995962193749999836e-01 7.886503953880000597e-03
9.816325481566536837e-01 9.981328036080000521e-01 7.917786256449999699e-03
9.817977495155219003e-01 1.001934985269999911e+00 7.950913658840000342e-03
9.819591960954312526e-01 1.004827324849999926e+00 7.876115089509999612e-03
9.821206428501909613e-01 1.007438579590000050e+00 7.968368621839999610e-03
9.822745805714703238e-01 9.954529950249999537e-01 8.160281504720000301e-03
9.824360273261163456e-01 9.961634964800000214e-01 8.375684320559999979e-03
9.825974740808760544e-01 1.016491258230000083e+00 8.240244943190000795e-03
9.827626752648939146e-01 1.011783726290000018e+00 7.619181215520000328e-03
9.829278766237621312e-01 1.008103638879999986e+00 7.718606766469999700e-03
9.830855687742996452e-01 1.002811104799999908e+00 7.551353718139999956e-03
9.832507701331678618e-01 9.969941524119999565e-01 7.645143175699999766e-03
9.834122168879275705e-01 9.958779098309999966e-01 8.026777898980000381e-03
9.835811728509042950e-01 9.945745736359999922e-01 7.723241395859999775e-03
9.837313557932247932e-01 9.848641035490000029e-01 8.745803242689999951e-03
9.838965571520930098e-01 9.977337533929999669e-01 8.465426410910000324e-03
9.840617585109612264e-01 1.009257610229999935e+00 8.312075964039999237e-03
9.842156960573902325e-01 1.000058721800000106e+00 8.232996296429999708e-03
9.843808974162584491e-01 9.926539137290000259e-01 7.901941004450000264e-03
9.845348349626874551e-01 9.949372972550000194e-01 8.128342533870000497e-03
9.847000363215556717e-01 9.997371029949999599e-01 8.539911172750000792e-03
9.848577284720931857e-01 1.004128477050000079e+00 8.054276014190000707e-03
9.850154206226306997e-01 1.000881606879999941e+00 7.693055264279999653e-03
9.851731129480185700e-01 1.003839103060000015e+00 7.995678342799999311e-03
9.853308050986697708e-01 1.005784143679999909e+00 7.820533215770000129e-03
9.854884972492072848e-01 9.979832124590000131e-01 8.244389115569999288e-03
9.856536986080755014e-01 9.959024714180000348e-01 7.889395840400000026e-03
9.858151453627215233e-01 1.005521224980000072e+00 8.002793372720000062e-03
9.859803465468530703e-01 9.948606419759999930e-01 7.857711820980000858e-03
9.861342842680187459e-01 1.018393388860000082e+00 7.668132674650000175e-03
9.862994854520366061e-01 1.000409302040000004e+00 7.733215261249999813e-03
9.864534231733159686e-01 9.919962934580000002e-01 7.501364849179999704e-03
9.866186245321841852e-01 9.942187526710000167e-01 7.527732607750000152e-03
9.867725620786131913e-01 1.000393844970000057e+00 7.571525228759999615e-03
9.869302542291507052e-01 9.993488486920000247e-01 7.672348159430000293e-03
9.870917009839104139e-01 9.997202850659999696e-01 7.567411040159999908e-03
9.872493931344479279e-01 1.003848625530000094e+00 7.884559873179999845e-03
9.874033306808769339e-01 9.973894765249999850e-01 7.423638109030000071e-03
9.875722866439673453e-01 1.001508489979999972e+00 7.629715179510000202e-03
9.877299787945048593e-01 9.910402566079999920e-01 7.496174493739999820e-03
9.878914255491508811e-01 9.744346008349999977e-01 7.555671131300000301e-03
9.880528723039105898e-01 9.924131191599999680e-01 7.594716167619999965e-03
9.882143190586702985e-01 1.003763508550000072e+00 7.598847212789999750e-03
9.883832750216470231e-01 9.939781581519999687e-01 7.784911491229999647e-03
9.885409671721845370e-01 9.856183436850000090e-01 7.527555351440000375e-03
9.886986593228357378e-01 9.963713095399999720e-01 7.555606156419999650e-03
9.888676152858124624e-01 9.954274906050000205e-01 7.700376759960000407e-03
9.890328164698303226e-01 9.959569159240000413e-01 7.506807815419999641e-03
9.891905087952181930e-01 9.854011170950000009e-01 7.539309702369999949e-03
9.893594645834582479e-01 9.956287183759999770e-01 7.911032193390000328e-03
9.895209113382179567e-01 9.834731227890000094e-01 7.557856456599999946e-03
9.896786034887554706e-01 9.861894948049999554e-01 7.833790794479999348e-03
9.898438048476236872e-01 9.825331727360000489e-01 7.719862269079999680e-03
9.899977423940526933e-01 9.866983977559999897e-01 8.260641719910000527e-03
9.901629437529209099e-01 9.806997388679999927e-01 7.782538072149999819e-03
9.903281451117891265e-01 9.900480887529999885e-01 7.778709085030000372e-03
9.904933464706573432e-01 9.708673256909999827e-01 7.855807467310000833e-03
9.906547932253033650e-01 9.783370506520000509e-01 7.764763691890000201e-03
9.908162399800630737e-01 9.890063641120000471e-01 7.747816883789999769e-03
9.909814413389312904e-01 9.803685168419999929e-01 8.894927543309999809e-03
9.911466425229491506e-01 9.945025546310000131e-01 8.077597758469999209e-03
9.913080892777088593e-01 9.683618878040000100e-01 7.783647903659999569e-03
9.914732906365770759e-01 9.597791933570000156e-01 7.862086759669999550e-03
9.916309827871145899e-01 9.763015994710000367e-01 7.785536331339999727e-03
9.917961841459828065e-01 9.758873676970000188e-01 7.699947521649999627e-03
9.919613855048510231e-01 9.631976465160000389e-01 7.646442804069999641e-03
9.921265868637192398e-01 9.776345570960000009e-01 7.910307785229999181e-03
9.922880336184789485e-01 9.684457138990000269e-01 7.903843787710000332e-03
9.924494803731249704e-01 9.715619497049999831e-01 8.104938580139999307e-03
9.926184361613650253e-01 9.761784087270000132e-01 7.950943079809999134e-03
9.927836375202332420e-01 9.823558236260000465e-01 7.842790780459999236e-03
9.929450842749929507e-01 9.931947586999999578e-01 7.817827832120000792e-03
9.931102856338611673e-01 9.852375446819999771e-01 7.883189474739999564e-03
9.932679777843986813e-01 9.688463731049999916e-01 7.975456438160000161e-03
9.934256699349361952e-01 9.624461655760000456e-01 7.704827226510000023e-03
9.935871166896959039e-01 9.768297623520000306e-01 8.142578234289999869e-03
9.937485634444556126e-01 9.760006324490000384e-01 7.859992502479999990e-03
9.939175194074323372e-01 9.747499598259999898e-01 7.861178342300000760e-03
9.940827205914501974e-01 9.756920644259999831e-01 8.054783694109999767e-03
9.942479219503184140e-01 9.737780136939999664e-01 7.980577823200000337e-03
9.944131233091866306e-01 9.727727934200000037e-01 8.043110804159999891e-03
9.945745700639463394e-01 9.846537957559999832e-01 7.974924233409999216e-03
9.947397714228145560e-01 9.744319060420000289e-01 7.757367398819999850e-03
9.949012181774605779e-01 9.624081840099999452e-01 8.022359479849999753e-03
9.950664195363287945e-01 9.716892504149999832e-01 8.324540914040000003e-03
9.952203570827578005e-01 9.696768342439999744e-01 8.100940354460000464e-03
9.953855584416260172e-01 9.664307460690000351e-01 8.076314955069999885e-03
9.955507598004942338e-01 9.728973183879999764e-01 8.146689001740000866e-03
9.957159609846257808e-01 9.602274204790000045e-01 7.814934157430000403e-03
9.958811623434939975e-01 9.755618842879999475e-01 7.937814018929999563e-03
9.960426090981400193e-01 9.711648906500000011e-01 8.346722773410000101e-03
9.962078104570082360e-01 9.746436081229999937e-01 8.495883836270000378e-03
9.963730118158764526e-01 9.683668082869999472e-01 8.264688206910000487e-03
9.965344585706361613e-01 9.567519433850000254e-01 8.514953041350000265e-03
9.966959053253958700e-01 9.662227523219999448e-01 7.988767938670000152e-03
9.968611065094137302e-01 9.810634215860000173e-01 8.007554551239999888e-03
9.970263078682819469e-01 9.750836696679999749e-01 7.950118010049999837e-03
9.971952638312586714e-01 9.772681219619999693e-01 7.840405269569999946e-03
9.973567105860183801e-01 9.729488487240000039e-01 7.646006138860000217e-03
9.975219119448865968e-01 9.686377162279999897e-01 7.994284342360000531e-03
9.978448054542923273e-01 9.762089206009999520e-01 9.017904907129999786e-03
9.980100066383101876e-01 9.718891800319999774e-01 8.447749857980000471e-03
9.981752079971784042e-01 9.767124699589999626e-01 8.487067744730000807e-03
9.983366547519381129e-01 9.771644100230000296e-01 8.308460522209999352e-03
9.984981015066978216e-01 9.686019547359999704e-01 8.329070776110000102e-03
9.986633028655660382e-01 9.632208721330000056e-01 7.769541528330000009e-03
9.988247496202120601e-01 9.660463443950000340e-01 7.692268350659999671e-03
9.989899509790802767e-01 9.758813787560000064e-01 7.532522540479999994e-03
9.991476431297314775e-01 9.761090656609999749e-01 7.840731431470000443e-03
9.993165990927082021e-01 9.706464079350000107e-01 7.867324738069999407e-03
9.994855548808345702e-01 9.766222049610000511e-01 7.821950530060000489e-03
9.996507562398164737e-01 9.726301071709999579e-01 7.895644492049999977e-03
9.998122029944624956e-01 9.694194142009999737e-01 7.886390231929999578e-03
9.999811589575529069e-01 9.762814019379999486e-01 8.006293570099999590e-03
1.000176396799929535e+00 9.773386575479999783e-01 7.956941432649999521e-03
1.000345352762906259e+00 9.610790460560000303e-01 8.017420301959999468e-03
1.000510554121774476e+00 9.805429422450000487e-01 8.245983175000000734e-03
1.000679509910014531e+00 9.728912307670000148e-01 8.453308365419999471e-03
1.000840956664774239e+00 9.671724023600000164e-01 8.417599952550000250e-03
1.001006158023642456e+00 9.609539558290000061e-01 7.929687494269999429e-03
1.001175113986619181e+00 9.777538008360000532e-01 7.972578830339999145e-03
1.001344069774859236e+00 9.712321435599999830e-01 8.083800933929999669e-03
1.001505516529505257e+00 9.859133595329999666e-01 8.112782233030000484e-03
1.001670717888373474e+00 9.736487371430000426e-01 8.211561645519999467e-03
1.001832164643133183e+00 9.741157750729999565e-01 8.019118921150000454e-03
1.001997366002001399e+00 9.687955504940000129e-01 7.929178601820000352e-03
1.002158812756761108e+00 9.798987202819999798e-01 7.918884139010000725e-03
1.002868427521661943e+00 9.759552452180000337e-01 7.969073474810000474e-03
1.003033628880530159e+00 9.791624289520000080e-01 8.174009044350000544e-03
1.003360276819307728e+00 9.687155831039999665e-01 8.564281135109999554e-03
1.003517969144695599e+00 9.635029065429999706e-01 8.384000224449999344e-03
1.003679415899455307e+00 9.717207372809999466e-01 8.418017401349999970e-03
1.003844617083473167e+00 9.662710009089999774e-01 8.133231736420000815e-03
1.004006063838232876e+00 9.776418412480000208e-01 8.131517570520000598e-03
1.004163755988770390e+00 9.683719414060000252e-01 7.937112454109999243e-03
1.004328957347638607e+00 9.707482350630000090e-01 7.907784760609999630e-03
1.004490404102284629e+00 9.753862442740000027e-01 7.981435851670000414e-03
1.004659360065375040e+00 9.683008549289999767e-01 8.043031332190000299e-03
1.004820806820021062e+00 9.613269523040000042e-01 8.013907547839999729e-03
1.005154963967129333e+00 9.825430575360000196e-01 8.614043780150000204e-03
1.005481612080757259e+00 9.699488932240000194e-01 8.163152713459999321e-03
1.005646813439625475e+00 9.759850102520000181e-01 8.275499735200000234e-03
1.005812014798493692e+00 9.649904113530000105e-01 8.308030555720000501e-03
1.005977215982511552e+00 9.719422710420000389e-01 8.336743352389999751e-03
1.006142417341379769e+00 9.577517092270000365e-01 8.125946065289999312e-03
1.006303864096139478e+00 9.692641553390000109e-01 8.592110030170000204e-03
1.006469065455007694e+00 9.832789106929999967e-01 9.132029992569999990e-03
1.006634266813875911e+00 9.787388538679999694e-01 8.614080570540000314e-03
1.006795713568521933e+00 9.713981580760000512e-01 8.403733775709999743e-03
1.006960914927390149e+00 9.922444031629999994e-01 8.585301277639999576e-03
1.007126116111408010e+00 9.714871730849999887e-01 8.925850663960000625e-03
1.007287562866167718e+00 9.900890295290000198e-01 8.606823242409999616e-03
1.007452764225035935e+00 9.682443929409999539e-01 8.275680761850000289e-03
1.007617965583904152e+00 9.733341535770000386e-01 8.106578216410000731e-03
1.007779412338663860e+00 9.669963819600000399e-01 8.323198765860000820e-03
1.007937104489201374e+00 9.686459429049999459e-01 8.264345220410000345e-03
1.008102305848069591e+00 9.796117178790000324e-01 8.562323124010000341e-03
1.008271261811160002e+00 9.701955284790000356e-01 1.039893418230000005e-02
1.008432708565806024e+00 9.664159930969999923e-01 1.000992662330000074e-02
1.008766865712914296e+00 9.924555815990000474e-01 9.936356735059999334e-03
1.008928312467560318e+00 9.612573443259999628e-01 8.745355992780000365e-03
1.009093513826428534e+00 9.524183717609999711e-01 9.177075876129999962e-03
1.009258715185296751e+00 9.864059753499999639e-01 9.600093952699999267e-03
1.009423916369428298e+00 9.668481803709999545e-01 1.046297851370000045e-02
1.009596626936513530e+00 9.644758484030000467e-01 8.920730329380000684e-03
1.009758073691273239e+00 9.774745263080000246e-01 8.649976308999999391e-03
1.009923275050141456e+00 9.730595345220000025e-01 8.383990904400000221e-03
1.010088476234159316e+00 9.663105642449999477e-01 9.797094395669999484e-03
1.010253677593027533e+00 9.700950334129999630e-01 9.588610442410000143e-03
1.010415124347787241e+00 9.869104185100000537e-01 1.029457295930000064e-02
1.011075929608409751e+00 9.702729352319999778e-01 1.018212341940000036e-02
1.011244885571500163e+00 9.795144865289999725e-01 8.989562975699999514e-03
1.011410086930368379e+00 9.787057825420000245e-01 9.363984051889999785e-03
1.011579042718494748e+00 9.797829514660000294e-01 9.797696493510000063e-03
1.011747998681585159e+00 9.857672907419999797e-01 8.789576341159999889e-03
1.011916954644561883e+00 9.873644518290000116e-01 9.338330458800000317e-03
1.012074646795099397e+00 9.905065724520000225e-01 1.030507963409999991e-02
1.012566496092745183e+00 9.817491128890000196e-01 9.242393632109999549e-03
1.012731697451613400e+00 9.952589935490000483e-01 8.868953390939999723e-03
1.012896898810481616e+00 9.957154113949999719e-01 9.007814369909999605e-03
1.013054590961019130e+00 1.007086952000000091e+00 1.010573660240000025e-02
1.013219792319887347e+00 9.962478305230000331e-01 9.026822491479999377e-03
1.013384993678755563e+00 9.994549250609999769e-01 9.438623615660000563e-03
1.013880597580623544e+00 1.002734396019999918e+00 1.001420291300000008e-02
1.014045798939491760e+00 9.948103071360000493e-01 9.344803961000000547e-03
1.014207245694137782e+00 1.002061579650000089e+00 9.608881731509999816e-03
1.014368692448897491e+00 1.014396933790000066e+00 9.608593669360000061e-03
1.014537648411874216e+00 1.009172760460000040e+00 9.177908062660000699e-03
1.014699095166633924e+00 1.002114975740000080e+00 9.330089357879999684e-03
1.014868050954873979e+00 1.004046302699999949e+00 9.349695390619999769e-03
1.015033252313742196e+00 1.006603552769999910e+00 9.434667852469999852e-03
1.015198453672610412e+00 1.028804258869999932e+00 9.497849516269999889e-03
1.015367409460736781e+00 1.009003876209999984e+00 9.080346718309999579e-03
1.015528856215496489e+00 9.895429516949999504e-01 8.778365487650000021e-03
1.015697812178473214e+00 1.006900071050000012e+00 8.814253713480000099e-03
1.015866768141563625e+00 1.002918200140000105e+00 9.052809414209999836e-03
1.016028214896209647e+00 9.782227484479999458e-01 9.794009727240000213e-03
1.016193416255077864e+00 1.006131998749999923e+00 9.950697097370000618e-03
1.016358617439095724e+00 9.918270729889999693e-01 8.887776317500000259e-03
1.016523818797963941e+00 1.006431644090000077e+00 1.072688284079999915e-02
1.016689020156945844e+00 9.985605564909999510e-01 9.308311940850000007e-03
1.016854221515814061e+00 9.895037359530000076e-01 9.456782600980000522e-03
1.017019422874682277e+00 9.885819037349999894e-01 9.639585167520000469e-03
1.017184624058700138e+00 9.922987186649999680e-01 9.255536222429999738e-03
1.017346070813346159e+00 1.003895328460000069e+00 9.149389074540000000e-03
1.017511272172214376e+00 9.917962198790000183e-01 9.077362491190000410e-03
1.017676473531082593e+00 1.000144761869999899e+00 8.892421165519999796e-03
1.017837920285842301e+00 1.003912057970000049e+00 8.968351461030000041e-03
1.018014385282299372e+00 1.003992167440000083e+00 8.871935163800000537e-03
1.018341033395927298e+00 9.974128533530000063e-01 8.869893833769999444e-03
1.018502480150687006e+00 9.900067621379999849e-01 9.739422829700000728e-03
1.018667681509555223e+00 1.011905236410000075e+00 9.868370906720000738e-03
1.019009347864880510e+00 9.945024285160000144e-01 1.038735986589999979e-02
1.019335995978508436e+00 1.002336071190000011e+00 8.905847968739999398e-03
1.019504951766634804e+00 9.944268530080000446e-01 9.765777111619999493e-03
1.019673907729725215e+00 1.006555992440000047e+00 9.574640846490000204e-03
1.019839109088593432e+00 9.896437333650000001e-01 8.695502885810000790e-03
1.020008064876719800e+00 1.017448422930000040e+00 9.135431992749999675e-03
1.020184530048027227e+00 1.004362863659999938e+00 8.862445589850000485e-03
1.020353485836267282e+00 9.889004406660000246e-01 9.350829724189999373e-03
1.020518687195135499e+00 1.006614421090000100e+00 9.793748080889999250e-03
1.020687643158112223e+00 9.850860126960000462e-01 9.308741635129999525e-03
1.020841580704541229e+00 1.004900835739999998e+00 9.308411591110000299e-03
1.021014291271740149e+00 9.958531107279999794e-01 9.061473327349999982e-03
1.021179492455758009e+00 9.999012274990000115e-01 9.269201856190000324e-03
1.021337184606409210e+00 1.006640510980000069e+00 9.098093571860000131e-03
1.021509895173494442e+00 9.893956461449999740e-01 9.240874254110000019e-03
1.021675096532362659e+00 1.004094379659999925e+00 8.863045528359999800e-03
1.022035535733721190e+00 1.013059886560000011e+00 8.771109814479999961e-03
1.022204491696697914e+00 9.994475177649999598e-01 9.035526536629999439e-03
1.022369693055566131e+00 1.002074668009999892e+00 8.543550674130000536e-03
1.022527385206217332e+00 9.997393530470000123e-01 8.731376546620000026e-03
1.022688831960863354e+00 9.924756782379999809e-01 9.048875745410000712e-03
1.022857787749103409e+00 9.788153086149999904e-01 8.888210738740000283e-03
1.023030498316302328e+00 1.005486215259999927e+00 9.448014952819999354e-03
1.023188190466839842e+00 1.004838317729999986e+00 9.635525956219999702e-03
1.023526102218056621e+00 9.933263842009999456e-01 9.428419823039999384e-03
1.023691303576924838e+00 1.000988264360000102e+00 9.259410899059999228e-03
1.023856504935793055e+00 9.787041612250000355e-01 9.271931314829999493e-03
1.024021706294661271e+00 1.018698955330000100e+00 9.817842949410000505e-03
1.024179398445198785e+00 1.013220408110000026e+00 9.338026001969999823e-03
1.024355863441655856e+00 1.017066687570000072e+00 9.658233375610000143e-03
1.024690020588764128e+00 1.003010688300000064e+00 8.815835573250000584e-03
1.024866485760071555e+00 1.005799400919999975e+00 9.538744017770000791e-03
1.025035441548311610e+00 1.011827381860000097e+00 9.098388093180000830e-03
1.025196888302957632e+00 1.014613627899999981e+00 8.700349701730000079e-03
1.025365844266048043e+00 1.005104143170000075e+00 9.584154542620000258e-03
1.025534800229024768e+00 9.968265569680000437e-01 1.050036967239999924e-02
1.025711265225481839e+00 1.021467372360000070e+00 9.093093552429999324e-03
1.026041667943331959e+00 1.004255341889999986e+00 9.215730108049999605e-03
1.026225642148119732e+00 1.016939724560000036e+00 9.106207534740000387e-03
1.026402107144576803e+00 1.006029367870000080e+00 9.008129499270000479e-03
1.026574817536925366e+00 9.817234406120000090e-01 9.067773746960000256e-03
1.026747528104124285e+00 1.001312847819999963e+00 9.593744348229999927e-03
1.026912729462992502e+00 9.995640611560000499e-01 1.014316104460000027e-02
1.027081685251118870e+00 9.964929877729999941e-01 9.681164349689999962e-03
9.722871492283502448e-01 9.976254600849999710e-01 7.515792228669999908e-03
9.724485959831099535e-01 1.000063488969999970e+00 7.582717294879999861e-03
9.726062881336474675e-01 1.004914568300000033e+00 7.168926278919999888e-03
9.727639802842986683e-01 1.003026751369999969e+00 7.766834885049999672e-03
9.729216726096865386e-01 1.001780903860000072e+00 7.259489276870000063e-03
9.730756101561155447e-01 1.000448527589999914e+00 7.148004802139999725e-03
9.732408115149837613e-01 9.952003066460000102e-01 7.127704233429999620e-03
9.733909944571905726e-01 9.953291668429999905e-01 7.496600085979999994e-03
9.735599504201672971e-01 1.006784509070000055e+00 7.147200553610000111e-03
9.737138879665963032e-01 1.009347405330000003e+00 7.160888609520000246e-03
9.738790893254645198e-01 1.001363188360000045e+00 7.088658665620000375e-03
9.740330268718935258e-01 9.964312505479999693e-01 7.204767308209999999e-03
9.741869644183225319e-01 9.952039878659999506e-01 7.121656476430000132e-03
9.743484111730822406e-01 1.002791772709999973e+00 7.467677193539999821e-03
9.745023488942479162e-01 1.000098257199999896e+00 7.231090394930000075e-03
9.746637956490076249e-01 1.003280932530000058e+00 8.185799962550000322e-03
9.748252424037673336e-01 9.947142453709999499e-01 7.355204680819999938e-03
9.749866891584133555e-01 1.008538973280000084e+00 7.146966851479999612e-03
9.751518903424312157e-01 1.000768563390000088e+00 7.348796639450000216e-03
9.753020734596020702e-01 9.908561998420000183e-01 7.146892257340000179e-03
9.754635202142480921e-01 1.002328346100000100e+00 7.173525201459999764e-03
9.756287215732299956e-01 1.008588304459999918e+00 7.028535857269999597e-03
9.757939227572478558e-01 1.000368298129999944e+00 7.575838247009999797e-03
9.759516150826357261e-01 9.992340039889999748e-01 7.414917786510000393e-03
9.761168162666535864e-01 9.863367648120000553e-01 7.129557350880000310e-03
9.762820176255218030e-01 9.894942419000000156e-01 7.076175961010000397e-03
9.764472189843900196e-01 1.001043231129999933e+00 7.346869517960000207e-03
9.767663578896872423e-01 9.910808888929999450e-01 7.092683240139999699e-03
9.769278046444469510e-01 9.981278529939999755e-01 7.261062552569999724e-03
9.770854967949844649e-01 1.001436230369999958e+00 7.085975233329999852e-03
9.772506981538526816e-01 1.001222954239999963e+00 7.321444466670000255e-03
9.774046357002816876e-01 9.896821862729999753e-01 7.189639665979999719e-03
9.777350384180181209e-01 9.934713905130000411e-01 7.213821664620000129e-03
9.778964851726641427e-01 1.010212659830000081e+00 7.322325908770000412e-03
9.780616865315323594e-01 9.991611901939999596e-01 7.194473102069999862e-03
9.782193786821835602e-01 9.943709081980000031e-01 7.195342727309999957e-03
9.783845800410517768e-01 9.978784971830000350e-01 7.066606758830000154e-03
9.785422721915892907e-01 1.000066397279999908e+00 7.279472213159999573e-03
9.786999643421268047e-01 1.000915771440000102e+00 7.105819430079999589e-03
9.788614110968865134e-01 1.014006117289999898e+00 7.229044848739999730e-03
9.790191032474240274e-01 1.002025560589999920e+00 7.324416401189999884e-03
9.791843046062922440e-01 9.974261033669999943e-01 7.085310193919999895e-03
9.793382421527212500e-01 9.967751465270000555e-01 7.169330866509999838e-03
9.794959343032587640e-01 1.000376640530000083e+00 7.304973893049999598e-03
9.796573810580184727e-01 9.874247642100000277e-01 7.117573049580000130e-03
9.798188278126644946e-01 9.924326428190000104e-01 7.196782224350000041e-03
9.799727653590935006e-01 1.008947945300000093e+00 7.148445803950000121e-03
9.801304576844813710e-01 1.006102643349999992e+00 7.151101515650000115e-03
9.802919044392410797e-01 9.985541581819999957e-01 7.178841138399999836e-03
9.804533510191504320e-01 1.009585467990000041e+00 7.054180825469999819e-03
9.806147977739101407e-01 1.000758235760000003e+00 7.163623698170000151e-03
9.807687354950758163e-01 1.005235604509999936e+00 7.288752484900000266e-03
9.809339368539440329e-01 1.009459469280000077e+00 7.372615425060000116e-03
9.810878744003730390e-01 1.006304196599999923e+00 7.566316673869999745e-03
9.814070133056702616e-01 9.964021115009999985e-01 7.245770516999999571e-03
9.815684600604299703e-01 1.006135828829999967e+00 7.400803436999999624e-03
9.817299068150759922e-01 1.004690919199999977e+00 7.206684750799999956e-03
9.818951081739442088e-01 9.981128180510000503e-01 7.101208593899999838e-03
9.820528003245954096e-01 1.001477502079999971e+00 7.134713116930000397e-03
9.822067378709107288e-01 9.942149815830000348e-01 7.214158053359999608e-03
9.825258767762079515e-01 9.948405967050000243e-01 7.073766591529999891e-03
9.826873235309676602e-01 9.899020107889999753e-01 7.600147786830000265e-03
9.828525248898358768e-01 1.006993637249999907e+00 7.672212447530000340e-03
9.830139716445955855e-01 1.001846611509999985e+00 8.165820376330000865e-03
9.831679091909109047e-01 1.004153886549999930e+00 7.723986661550000070e-03
9.833293559456706134e-01 9.976376088570000356e-01 7.360459858329999709e-03
9.834908027004303221e-01 9.960104981999999829e-01 7.360572938310000132e-03
9.836560040592985388e-01 1.002865640490000043e+00 7.565877719409999820e-03
9.838174508139445607e-01 1.007813502549999907e+00 7.557923136770000085e-03
9.842942818698929841e-01 1.000695282119999918e+00 7.686492127560000387e-03
9.844594832287612007e-01 9.981479070100000017e-01 1.786505429699999925e-02
9.846171753792987147e-01 1.001174475910000083e+00 7.760238014230000023e-03
9.849325596803737426e-01 9.912755849729999458e-01 8.483949833260000239e-03
9.850940064351334513e-01 9.944755302700000188e-01 1.786505429699999925e-02
9.852554531898931600e-01 9.975017698020000045e-01 8.019298783079999507e-03
9.854206545487613766e-01 9.946746226379999944e-01 7.856922893489999560e-03
9.855858559076295933e-01 9.912518716839999744e-01 7.706921081959999809e-03
9.857397934540585993e-01 9.965455438589999604e-01 7.956860632510000600e-03
9.858974856045961133e-01 1.002576076069999989e+00 7.626533555340000124e-03
9.860664415675728378e-01 9.977046208719999587e-01 8.151366559090000158e-03
9.862241337181103518e-01 1.002672282920000102e+00 7.550449600019999707e-03
9.863818258687615526e-01 9.944513727929999991e-01 1.044791350269999933e-02
9.865395180192990665e-01 9.948429034529999715e-01 1.048649536569999999e-02
9.867009647740587752e-01 1.005252319900000080e+00 7.780148278309999797e-03
9.868624115287047971e-01 1.002327277180000031e+00 1.044791350269999933e-02
9.870201036793559979e-01 9.932803793259999958e-01 1.048649536569999999e-02
9.871777960047438683e-01 9.919511131049999486e-01 1.360665696929999960e-02
9.873354881552813822e-01 9.790969976660000018e-01 7.656501392459999847e-03
9.874931803058188962e-01 9.839966517820000202e-01 8.067776244930000354e-03
9.876583816646871128e-01 9.967412579229999459e-01 1.360665696929999960e-02
9.878235830235553294e-01 9.877666064469999840e-01 9.223749274459999703e-03
9.879850296034646817e-01 9.876454902810000158e-01 7.888768236989999669e-03
9.881427219288525521e-01 9.946496595029999943e-01 7.752105395040000298e-03
9.884918973176581858e-01 9.746203947289999725e-01 8.600255521290000107e-03
9.886533440724178945e-01 9.904878244160000289e-01 8.079476601809999770e-03
9.888072817936972569e-01 9.976505751609999750e-01 7.981247643239999801e-03
9.889649739442347709e-01 9.836181797630000334e-01 7.875086229309999700e-03
9.891226660947722849e-01 9.836114837680000056e-01 8.136323385140000614e-03
9.892841128495319936e-01 9.952124871580000365e-01 8.921917171059999194e-03
9.894380503959609996e-01 9.965304070930000035e-01 8.275480148700000219e-03
9.895994971506070215e-01 9.785933157730000165e-01 8.294452608490000475e-03
9.897571893012582223e-01 9.827580221820000350e-01 8.462018244100000600e-03
9.899186360559042441e-01 9.733964135079999913e-01 8.376771788100000060e-03
9.900725737771836066e-01 9.794859286420000144e-01 8.264019265970000416e-03
9.902302659277211205e-01 9.762456631660000328e-01 7.997262544179999447e-03
9.903954671117389807e-01 9.783685848669999574e-01 8.424048113750000691e-03
9.905606684706071974e-01 9.719837223320000330e-01 7.964899065049999352e-03
9.907221152253669061e-01 9.851331220479999651e-01 9.063786741499999314e-03
9.908760529466462685e-01 9.813523162439999892e-01 8.246238590570000374e-03
9.910412541306641288e-01 9.645076997579999922e-01 8.227873441519999512e-03
9.911989462812016427e-01 9.735645602860000247e-01 9.263162873070000108e-03
9.913528840024810052e-01 9.532818010760000238e-01 9.472007360680000793e-03
9.915180853613492218e-01 9.680589641900000375e-01 9.210050835719999288e-03
9.916757775118867357e-01 9.827458936390000011e-01 9.720798214250000666e-03
9.918372242666464444e-01 9.680178324410000368e-01 8.206385404599999406e-03
9.919986710212924663e-01 9.744140306740000090e-01 7.605582185949999810e-03
9.921563631719436671e-01 9.680123861760000503e-01 7.357235063669999992e-03
9.923103007183726731e-01 9.680810792570000434e-01 7.415824240179999700e-03
9.924717474730186950e-01 9.716442403230000080e-01 8.202679033029999789e-03
9.926331942277784037e-01 9.725326523809999513e-01 8.200051308959999813e-03
9.927983955866466204e-01 9.601663568129999993e-01 8.886105429419999605e-03
9.929560877371841343e-01 9.906774305819999737e-01 8.216817869319999190e-03
9.932752266424813570e-01 9.712601411469999890e-01 1.193384570040000037e-02
9.934291641889103630e-01 9.836796620140000336e-01 8.516105551330000259e-03
9.935906109436700717e-01 9.893337183139999658e-01 8.987864738470000350e-03
9.937445486648357473e-01 9.625345236369999835e-01 1.193384570040000037e-02
9.939059954195954560e-01 9.743341864469999836e-01 8.494853570849999341e-03
9.940636875701329700e-01 9.678347590660000277e-01 1.027321251659999921e-02
9.943790718713216847e-01 9.577010020849999750e-01 8.590009153949999463e-03
9.945405186259677066e-01 9.719397786629999647e-01 8.955132978149999562e-03
9.947094745890581180e-01 9.589018454709999917e-01 1.027321251659999921e-02
9.948671667395956320e-01 9.660588270080000539e-01 1.126356522589999978e-02
9.950286134943553407e-01 9.717273616029999950e-01 9.410160123219999187e-03
9.951900602490013625e-01 9.652747339839999885e-01 9.903919424200000390e-03
9.953477523995388765e-01 9.665543696930000150e-01 1.126356522589999978e-02
9.955016899459678825e-01 9.683188672910000294e-01 8.139541168049999401e-03
9.956631367007275912e-01 9.737916133580000189e-01 8.227986611369999398e-03
9.958170742471565973e-01 9.612020235789999756e-01 8.551869337880000158e-03
9.959785210018026191e-01 9.694636815399999552e-01 7.662130571560000353e-03
9.961399677565623278e-01 9.696117356490000505e-01 8.129523189359999513e-03
9.962976599070998418e-01 9.668186631590000024e-01 7.510607023100000085e-03
9.964666158701902532e-01 9.718185024169999631e-01 9.524626470740000378e-03
9.966243080207277671e-01 9.633744503400000214e-01 8.545581470719999448e-03
9.967820001712652811e-01 9.665284262040000351e-01 7.735730905220000210e-03
9.969434469260249898e-01 9.727882855720000332e-01 7.482176237380000310e-03
9.971011390765625038e-01 9.732459459469999796e-01 7.527154268370000144e-03
9.972663404354307204e-01 9.768409851310000391e-01 7.997564876000000378e-03
9.974352963985211318e-01 9.685985433479999962e-01 7.611887536910000307e-03
9.979872190128844522e-01 9.700687488300000494e-01 7.828233314920000213e-03
9.981486657676441610e-01 9.757817075979999810e-01 7.422228057290000333e-03
9.983101125222901828e-01 9.616467217070000517e-01 7.375415809269999720e-03
9.984753138811583995e-01 9.795316095820000291e-01 7.495155537429999681e-03
9.986330060318096002e-01 9.570468490710000165e-01 7.367704092210000145e-03
9.987982073906778169e-01 9.625034898759999846e-01 7.567714285739999928e-03
9.989596541453238387e-01 9.584881148680000074e-01 7.418038330470000385e-03
9.991248553293416990e-01 9.704043115939999797e-01 7.945659989919999153e-03
9.992863020841014077e-01 9.714688587890000226e-01 7.580088169029999649e-03
9.994477488388611164e-01 9.638520841419999652e-01 7.759785141360000041e-03
9.996167048018378409e-01 9.891865190940000163e-01 7.718899926709999956e-03
9.997781515565975496e-01 9.719105593689999489e-01 8.043458427639999658e-03
9.999320891030265557e-01 9.861112337559999608e-01 7.805458605489999646e-03
1.000097290461894772e+00 9.547822924540000367e-01 7.562964550020000176e-03
1.000262491820762989e+00 9.810075100020000383e-01 7.882356656220000299e-03
1.000427693179631206e+00 9.747145632239999635e-01 7.691541989629999999e-03
1.000592894363649066e+00 9.649576958840000440e-01 7.616652574579999696e-03
1.000754341118295088e+00 9.644896626700000253e-01 7.517781511000000416e-03
1.000919542477163304e+00 9.652343319020000312e-01 7.642821759610000064e-03
1.001084743836031521e+00 9.546463673980000175e-01 7.762499926459999824e-03
1.001249945195013424e+00 9.808654763819999456e-01 7.737769119429999988e-03
1.001411391949659446e+00 9.644541203390000206e-01 7.744156318419999872e-03
1.001734285459065177e+00 9.641761935629999947e-01 7.507472421319999999e-03
1.001899486643196724e+00 9.657297727579999824e-01 7.601679583619999625e-03
1.002057178968584594e+00 9.733335045700000077e-01 7.717871846119999865e-03
1.002229889360933157e+00 9.680444633039999580e-01 7.651764443459999759e-03
1.002380072477990325e+00 9.636833878699999634e-01 7.587078846210000213e-03
1.002549028266230380e+00 9.662502856579999744e-01 7.748213242399999701e-03
1.002710475020876402e+00 9.668256345029999643e-01 7.804016919979999724e-03
1.002879430983966813e+00 9.674876833779999519e-01 7.679832987479999831e-03
1.003044632342835030e+00 9.734302714429999837e-01 7.494053784130000166e-03
1.003206079097481052e+00 9.661047104919999740e-01 7.527347680740000165e-03
1.003367525852240760e+00 9.724031037270000066e-01 7.492341345340000104e-03
1.003532727036258621e+00 9.686764817599999855e-01 7.568819019420000398e-03
1.003694173791018329e+00 9.654730168849999794e-01 7.632244412929999923e-03
1.003859375149886546e+00 9.601197048399999767e-01 7.784390135999999863e-03
1.004013312696315552e+00 9.766860191949999770e-01 7.705644101579999829e-03
1.004178514055183769e+00 9.674285866720000460e-01 7.986570676050000830e-03
1.004339960809829790e+00 9.705257229720000156e-01 7.848119460350000062e-03
1.004508916772920202e+00 9.593070205599999456e-01 7.515412966259999925e-03
1.004670363527566224e+00 9.726932453290000335e-01 7.859317245460000628e-03
1.004835564886434440e+00 9.758325497159999751e-01 7.720094699240000365e-03
1.004997011641194149e+00 9.728086349490000506e-01 8.305386178299999436e-03
1.005162212825212009e+00 9.815180952449999996e-01 8.066766656299999977e-03
1.005323659579971718e+00 9.680786847179999599e-01 8.244147643419999852e-03
1.005488860938839935e+00 9.734973948070000382e-01 8.491475436970000179e-03
1.005650307693485956e+00 9.729141988539999897e-01 8.391367134760000304e-03
1.005819263656576368e+00 9.644844290809999610e-01 8.216040635349999149e-03
1.005984465015444584e+00 9.725010786029999466e-01 8.462133186859999850e-03
1.006149666199462445e+00 9.773642409620000304e-01 9.180893442019999462e-03
1.006303603920741807e+00 1.001719272759999946e+00 8.237617103319999287e-03
1.006468805104759667e+00 9.672517122710000415e-01 9.043332110269999141e-03
1.006630251859519376e+00 9.719767899550000312e-01 8.116012987399999143e-03
1.006791698614165398e+00 9.682908440999999922e-01 8.122978066160000538e-03
1.006956899973033615e+00 9.815378383499999693e-01 7.742268014550000160e-03
1.007122101331901831e+00 9.747973857789999919e-01 7.765048876439999657e-03
1.007283548086661540e+00 9.744000268550000454e-01 7.652250874780000371e-03
1.007448749445529756e+00 9.803574798630000364e-01 7.691545959800000047e-03
1.007617705233656125e+00 9.675340155810000509e-01 7.934421892519999409e-03
1.007767888350826979e+00 9.692220945839999935e-01 7.854960545500000446e-03
1.007944353347284050e+00 9.743384422399999911e-01 7.845346568589999306e-03
1.008109554706152267e+00 9.541624017800000024e-01 7.924625137910000505e-03
1.008590140366209198e+00 9.698485051349999830e-01 7.870688993029999192e-03
1.008762850933408117e+00 9.664360035979999708e-01 7.983680006489999453e-03
1.008924297688054139e+00 9.793480843149999782e-01 8.212744891890000343e-03
1.009089498872071999e+00 9.858966781189999473e-01 8.034842539500000602e-03
1.009258454835162411e+00 9.841299743489999585e-01 8.166071023210000335e-03
1.009416146985699925e+00 9.709489746330000060e-01 7.877573302720000670e-03
1.009577593740459633e+00 9.717253310669999866e-01 7.786426437679999819e-03
1.009742795099327850e+00 9.788066197350000497e-01 8.006776394350000742e-03
1.009907996458196067e+00 9.756712077670000038e-01 8.119823473469999289e-03
1.010069443212842089e+00 9.846986025599999692e-01 8.294813000499999187e-03
1.010234644396859949e+00 9.635509300579999659e-01 7.550731340090000195e-03
1.010392336722361506e+00 9.842175095409999575e-01 7.715434179690000040e-03
1.010553783477007528e+00 9.801253761549999499e-01 7.702298235470000053e-03
1.010722739265247583e+00 9.748732574099999715e-01 7.779108168230000099e-03
1.010884186019893605e+00 9.884725174109999513e-01 7.859665489599999486e-03
1.011041878170544805e+00 9.825016471440000121e-01 8.066104455260000861e-03
1.011207079529413022e+00 9.813494863230000087e-01 7.880757694979999284e-03
1.011372280888281239e+00 9.980604372110000178e-01 8.171332239360000471e-03
1.011533727642927261e+00 9.797580848429999767e-01 7.959560238079999364e-03
1.011691419793578461e+00 9.788456941590000238e-01 8.183769685570000535e-03
1.011856621152446678e+00 9.749639331789999863e-01 8.003491117720000145e-03
1.012018067907092700e+00 9.783021695960000264e-01 7.998205267930000653e-03
1.012183269265960917e+00 9.878198085170000198e-01 8.198681035009999438e-03
1.012348470449978777e+00 9.765007777790000176e-01 7.966725630459999333e-03
1.012506162775480334e+00 9.892861646130000075e-01 8.041407063989999479e-03
1.012675118563606702e+00 9.958121001719999477e-01 8.097452799069999180e-03
1.012836565318366411e+00 9.951363199010000438e-01 8.150935645439999835e-03
1.013001766677234627e+00 9.922518254769999713e-01 8.054152120240000434e-03
1.013159458827772141e+00 9.916477780369999939e-01 8.258227741029999444e-03
1.013332169394971061e+00 1.017109169710000094e+00 8.171387038300000766e-03
1.013493616149730769e+00 1.003236279380000040e+00 7.900117040959999185e-03
1.013662571937857138e+00 1.010053013240000075e+00 8.055348055479999436e-03
1.013824018692616846e+00 1.000355371729999998e+00 8.114280081449999280e-03
1.013989220051485063e+00 9.834288885790000156e-01 7.799094567959999683e-03
1.014146912202022577e+00 9.947725732340000349e-01 8.072914020310000688e-03
1.014308358956782286e+00 9.979774462299999538e-01 8.066175865890000407e-03
1.014638761674518719e+00 9.984361458120000199e-01 8.236416744640000578e-03
1.014800208429164741e+00 9.786947696869999769e-01 8.166609227219999781e-03
1.014961655183924449e+00 1.004565087350000052e+00 8.107998134920000460e-03
1.015123101938684158e+00 9.977749222539999963e-01 8.067070096770000837e-03
1.015453504481570235e+00 1.007465083850000109e+00 8.008144972989999361e-03
1.015618705840438452e+00 1.006630451569999973e+00 8.145540519319999923e-03
1.015783907199306668e+00 1.014854852560000076e+00 8.192457907429999409e-03
1.015937844745735674e+00 9.931278383470000248e-01 7.916002937499999614e-03
1.016103046104603891e+00 9.959223372200000091e-01 8.035496727099999612e-03
1.016268247463472107e+00 1.009881239999999902e+00 8.265783273399999326e-03
1.016433448647489968e+00 1.008984155570000096e+00 8.495614883930000666e-03
1.016763851365226401e+00 1.006693860419999975e+00 8.211226672370000243e-03
1.016932807328203126e+00 9.969508367639999813e-01 8.749296784360000717e-03
1.017098008687071342e+00 9.940664020160000502e-01 8.327046738139999918e-03
1.017263209871202889e+00 9.968598325719999487e-01 8.237032894630000324e-03
1.017424656625848911e+00 1.001373843209999892e+00 8.836663214030000130e-03
1.017589857984717128e+00 1.001265946700000020e+00 8.382886768329999433e-03
1.017755059343585344e+00 9.851405780519999489e-01 8.481868863780000697e-03
1.017916506098345053e+00 1.002073538989999957e+00 8.229897216230000825e-03
1.018077952853104762e+00 9.983486469019999809e-01 8.192167835690000038e-03
1.018243154211972978e+00 1.001779888890000025e+00 8.174428580599999578e-03
1.018412110000099347e+00 9.928654391729999640e-01 8.209886693760000409e-03
1.018566047721378709e+00 1.017099898289999915e+00 8.325717685120000502e-03
1.018727494476024731e+00 9.886509912319999538e-01 8.108626346740000282e-03
1.018896450264264786e+00 1.012206470349999998e+00 8.254185944080000628e-03
1.019054142414802300e+00 9.987835305300000188e-01 8.426536605529999502e-03
1.019219343773670516e+00 9.985285125120000327e-01 8.285340676800000137e-03
1.019384545132538733e+00 1.016643508940000107e+00 8.244282126940000524e-03
1.019545991887298442e+00 1.004475541689999973e+00 8.379069438219999624e-03
1.019707438642058150e+00 1.007453169709999985e+00 8.533010139689999746e-03
1.019868885396704172e+00 1.003989108759999915e+00 8.791527076900000626e-03
1.020037841184944227e+00 9.934014600880000101e-01 8.483736314559999978e-03
1.020375753111011363e+00 1.005240519480000039e+00 8.455665047130000653e-03
1.020537199865657385e+00 1.010721224319999889e+00 8.468306739149999984e-03
1.020702401224525602e+00 1.009479815920000023e+00 8.502781074739999834e-03
1.020867602408543462e+00 9.943641984009999879e-01 8.401294296170000106e-03
1.021029049163303171e+00 1.012979229910000001e+00 8.801157966799999857e-03
1.021186741313840685e+00 9.880107067969999823e-01 8.653238255710000645e-03
1.021378224726959161e+00 9.959413836939999820e-01 8.415389186100000543e-03
1.021543426085827377e+00 1.006355575039999950e+00 8.449788632300000296e-03
1.021708627444695594e+00 9.883410770230000031e-01 8.494557048299999219e-03
1.021873828803563811e+00 9.995463121309999810e-01 8.380973251390000725e-03
1.022031520954215011e+00 1.003104817899999945e+00 8.386548516660000119e-03
1.022196722138232872e+00 9.977657028040000098e-01 8.392902347589999146e-03
1.022358168892878894e+00 9.919822768370000210e-01 8.328188123320000302e-03
1.022523370251747110e+00 9.940756320339999563e-01 8.491217526150000861e-03
1.022688571610615327e+00 1.004882310339999973e+00 8.649033081549999807e-03
1.022846263761266528e+00 1.004307362110000046e+00 8.639883815480000478e-03
1.023018974328351760e+00 9.868697496060000462e-01 8.466547778780000172e-03
1.023176666479002961e+00 1.002705093619999932e+00 8.658387289760000743e-03
1.023341867837871177e+00 9.909887875949999758e-01 8.308130140579999406e-03
1.023844980947956174e+00 1.015111843769999966e+00 8.765145073870000622e-03
1.024006427702602195e+00 1.020117540630000041e+00 9.021468894230000313e-03
1.024171628886733743e+00 1.031202305879999948e+00 9.242441180470000600e-03
1.024336830245601959e+00 1.004978938909999897e+00 9.116205597870000524e-03
1.024502031604470176e+00 9.999774112789999725e-01 9.145247408039999804e-03
1.024663478359116198e+00 1.027751868580000005e+00 9.396703886180000215e-03
1.024986371868635615e+00 1.005174216129999909e+00 9.507813779410000457e-03
1.025147818623281637e+00 1.002486103949999929e+00 9.344924525439999782e-03
1.025474466736909562e+00 1.012403882020000090e+00 9.909577199090000704e-03
1.025812378488126342e+00 1.009812659450000094e+00 9.122531307959999211e-03
1.026150290239343121e+00 9.928268795560000193e-01 9.295568191709999151e-03
1.026315491598211338e+00 1.021297888189999892e+00 9.308674515779999728e-03
1.026480692957079555e+00 1.015844903220000095e+00 9.626866210850000202e-03
1.026645894315947771e+00 1.002149787010000015e+00 9.875245185129999381e-03
1.026811095674815988e+00 1.004481832009999964e+00 9.533806427909999673e-03
1.027306699576570281e+00 1.003484290150000069e+00 9.721866654139999994e-03
1.027471900935438498e+00 1.013991332330000050e+00 1.001111892960000055e-02
1.027633347690198207e+00 1.016857021769999925e+00 9.634682638160000853e-03
1.027798549049066423e+00 1.031503977220000090e+00 9.677692754700000302e-03
1.027963750233084284e+00 1.019109369129999942e+00 1.005475586760000081e-02
1.028132706196061008e+00 1.016339565670000056e+00 1.010360208700000068e-02
1.028309171192631766e+00 1.011456257040000084e+00 9.818448555379999387e-03
1.028485636363939193e+00 1.010670601579999994e+00 1.028597172490000079e-02
1.028654592152065561e+00 1.017718910469999960e+00 1.041413718870000046e-02
1.028816038906825270e+00 1.018009617819999990e+00 1.096415793229999977e-02
1.028981240265693486e+00 1.018114238279999917e+00 1.103392695340000076e-02
9.718595965191525465e-01 9.968480905650000112e-01 6.807934365309999993e-03
9.720886256241101364e-01 9.950246556999999825e-01 6.458145763959999633e-03
9.743789166736860352e-01 9.997889789320000276e-01 7.127546605849999738e-03
9.746079457786436251e-01 9.998182806330000449e-01 6.643747766219999969e-03
9.748332202793790202e-01 1.004740542910000034e+00 6.654213343910000272e-03
9.750772676261476590e-01 9.881204943039999522e-01 6.535400480450000334e-03
9.753062967311052489e-01 9.984704898389999972e-01 6.863020974710000270e-03
9.755278168026961794e-01 9.995584705869999809e-01 6.852545687619999819e-03
9.757568459076537692e-01 9.974832952329999447e-01 6.768071759049999574e-03
9.759746112001721485e-01 1.002982798109999907e+00 6.724094416139999968e-03
9.762149041175689490e-01 1.007567528140000057e+00 6.353686663840000214e-03
9.764401786183043441e-01 1.000968055199999984e+00 6.292656314449999663e-03
9.766767169317063235e-01 9.971086004360000254e-01 6.461402047920000204e-03
9.769019914324417186e-01 9.994138711350000204e-01 6.365581722560000044e-03
9.771310205373993085e-01 9.987016016899999959e-01 6.327118190219999973e-03
9.773562950381347036e-01 9.995076943459999530e-01 6.256543609150000233e-03
9.775815695388700988e-01 1.002756319289999976e+00 6.317334613739999764e-03
9.778181078522720782e-01 1.004088748460000069e+00 6.527464395260000260e-03
9.780396277490126522e-01 1.001889116000000080e+00 6.208852980290000163e-03
9.782649024245984037e-01 9.960642346870000052e-01 6.121540634090000092e-03
9.785014405629226530e-01 1.003696421609999945e+00 6.076619162510000366e-03
9.787267150638854218e-01 9.996481500289999822e-01 6.093272346269999924e-03
9.789519897394711734e-01 1.006743796989999939e+00 6.075818120509999740e-03
9.791772642402065685e-01 9.991908545159999822e-01 6.108507883110000057e-03
9.794025387409419636e-01 1.003054833280000002e+00 6.156293354269999803e-03
9.796353224501217483e-01 1.005137114180000069e+00 6.202775345839999649e-03
9.798643515550793381e-01 1.003490267109999889e+00 6.218819165759999906e-03
9.800896260560421069e-01 1.004971948299999918e+00 6.224665486359999902e-03
9.803224097649945179e-01 9.998446261390000478e-01 6.129840449499999837e-03
9.805476842659572867e-01 1.005954570789999947e+00 6.339841724729999677e-03
9.807729587666926818e-01 1.002135763260000090e+00 6.514848809130000147e-03
9.809907242340614175e-01 9.956568719989999927e-01 6.300954882370000086e-03
9.812272625472360232e-01 1.002518194140000096e+00 6.322516392779999744e-03
9.814562916521936131e-01 9.938551992759999676e-01 6.414453082240000048e-03
9.816853207571512030e-01 9.933539953819999768e-01 6.565114617809999706e-03
9.819030860496695823e-01 1.002260051559999976e+00 7.122283540750000419e-03
9.821396243630715617e-01 1.000023021320000094e+00 6.975598329370000412e-03
9.832847698878595111e-01 1.000127790410000106e+00 6.884836541500000302e-03
9.835250626304059551e-01 1.008008785329999935e+00 6.766210235470000202e-03
9.837540917353635450e-01 1.001286131829999926e+00 6.542238927369999936e-03
9.842046409116846917e-01 9.999729917620000519e-01 7.347113900210000027e-03
9.844299154126474605e-01 9.995314311230000248e-01 7.172433631600000359e-03
9.846702083300442609e-01 9.977130203730000257e-01 6.864453404300000124e-03
9.848992374350018508e-01 9.975536816660000028e-01 6.674475425940000310e-03
9.851282665399594407e-01 9.965301621440000313e-01 6.333884417629999722e-03
9.853610502491392253e-01 1.000667759940000012e+00 6.502758995519999745e-03
9.855938337832412799e-01 9.978096907579999675e-01 6.861721570060000386e-03
9.860518919931564596e-01 9.963160855770000213e-01 6.487083632240000196e-03
9.862846757023362443e-01 9.934555422499999899e-01 6.313437839029999860e-03
9.865137048072938342e-01 9.996301611400000287e-01 6.572144562200000345e-03
9.867539977246906346e-01 9.951433113350000026e-01 6.578334543360000140e-03
9.869755176214312087e-01 9.885388426079999569e-01 6.326849311030000207e-03
9.872083013303836196e-01 9.974948247880000007e-01 6.290525850609999907e-03
9.874298212271241937e-01 9.886309609069999782e-01 6.354282410019999883e-03
9.876475866944929294e-01 9.980182178030000406e-01 6.466433668229999709e-03
9.878916340412615682e-01 9.986963347649999712e-01 6.360680609399999713e-03
9.881206631462191581e-01 9.964523283589999947e-01 6.479307320010000391e-03
9.883459378218049096e-01 9.897830504550000352e-01 6.465265580920000026e-03
9.885787213561343378e-01 9.889038426659999548e-01 6.373127030730000274e-03
9.888002414274978946e-01 9.884983919690000231e-01 6.756035367949999974e-03
9.890330251366776793e-01 9.870602951560000227e-01 6.297485391759999676e-03
9.892545450334182533e-01 9.931905451650000494e-01 6.303912341899999688e-03
9.894873287425980379e-01 9.874947676680000397e-01 6.110614963969999633e-03
9.897163578475556278e-01 9.859688147499999777e-01 6.732393398220000089e-03
9.899453869525132177e-01 9.855417179490000290e-01 6.218437661340000394e-03
9.901781706614656287e-01 9.913848356169999709e-01 6.256396380159999840e-03
9.904034451624283975e-01 9.734179797449999949e-01 6.833201762920000297e-03
9.908577487681213825e-01 9.879443786089999735e-01 6.721663950939999604e-03
9.913158069780365622e-01 9.809937210800000473e-01 6.998587896660000279e-03
9.915448360829941521e-01 9.749331939609999775e-01 6.667487191380000108e-03
9.920179127095707372e-01 9.718440700760000439e-01 6.631153503429999818e-03
9.922394326060839376e-01 9.706091315639999717e-01 6.703843225570000307e-03
9.924684617110415275e-01 9.770301550650000166e-01 6.720486016000000278e-03
9.929227653169618861e-01 9.723789463009999690e-01 6.472728724859999790e-03
9.931517944219194760e-01 9.815323521290000297e-01 6.403063070790000234e-03
9.933808235268770659e-01 9.720476884980000509e-01 6.045356895269999621e-03
9.936136072358294768e-01 9.740098352699999573e-01 6.164544358319999640e-03
9.938426363410144404e-01 9.751574483170000196e-01 6.035386894669999766e-03
9.940754200499668514e-01 9.821693336800000340e-01 6.367190960760000205e-03
9.943044491549244412e-01 9.676909607670000080e-01 6.133883198269999941e-03
9.945297236558872100e-01 9.717505792959999500e-01 6.072275182700000336e-03
9.947549981566226052e-01 9.699312990720000416e-01 5.949652481609999863e-03
9.949877818658023898e-01 9.726843357890000430e-01 6.493874061909999870e-03
9.952093019371659466e-01 9.723411196440000515e-01 6.198574121379999899e-03
9.954495946797123906e-01 9.675257666419999625e-01 6.041558726280000374e-03
9.956823783888921753e-01 9.791604383599999961e-01 5.993574536439999836e-03
9.959114074938497652e-01 9.668066280739999740e-01 6.085305512150000415e-03
9.961404365988073550e-01 9.766363097269999960e-01 5.929929657529999648e-03
9.965909856005055190e-01 9.745646447510000199e-01 6.066020627009999569e-03
9.968162602760912705e-01 9.696836696409999456e-01 5.871541199639999931e-03
9.970377801728318445e-01 9.762593871750000485e-01 5.944981206940000082e-03
9.972743184860064503e-01 9.666636209519999801e-01 5.973458278879999889e-03
9.975146112285528943e-01 9.733647032890000439e-01 5.998206364840000075e-03
9.977473949377326790e-01 9.735615202670000468e-01 6.049559408219999830e-03
9.979726694384680741e-01 9.778962985039999500e-01 6.009868113490000191e-03
9.981979439394308429e-01 9.768097142460000493e-01 6.003953124300000221e-03
9.984269730443884328e-01 9.691300195069999512e-01 5.869516500449999986e-03
9.986560021493460226e-01 9.708239735850000551e-01 5.925040764789999900e-03
9.988812768249317742e-01 9.708532932190000464e-01 5.952261215429999718e-03
9.991103059298893641e-01 9.768047663050000162e-01 5.888854799419999606e-03
9.993468440682136134e-01 9.709630121369999811e-01 6.045138684590000387e-03
9.995683641398045438e-01 9.731766967530000034e-01 5.934605250580000241e-03
9.998011478489843284e-01 9.766815681570000240e-01 5.917451909030000366e-03
1.000033931383086383e+00 9.738555738869999479e-01 5.914607770989999819e-03
1.000262960488043973e+00 9.790319477950000238e-01 5.979676019609999997e-03
1.000488235163857098e+00 9.679070745760000039e-01 6.085342903300000432e-03
1.000713509664592493e+00 9.754627009380000269e-01 5.964800558959999950e-03
1.000938784165327888e+00 9.730630829230000334e-01 5.935333471000000388e-03
1.001408106187682279e+00 9.721650649099999875e-01 5.890827917239999621e-03
1.001640889722011707e+00 9.760445517970000040e-01 5.935104339799999844e-03
1.001869919001819653e+00 9.716634190180000186e-01 5.964862243180000037e-03
1.002083929690115838e+00 9.776087791969999552e-01 5.920626276789999788e-03
1.002324222607512638e+00 9.720228294999999630e-01 5.911284257200000170e-03
1.002553251712470228e+00 9.739077530669999483e-01 6.061671560519999585e-03
1.002778526213432997e+00 9.830958645749999780e-01 6.024567474800000301e-03
1.003000046109946197e+00 9.798781357950000492e-01 5.963472260080000115e-03
1.003229075214903787e+00 9.691033320490000103e-01 6.050600904620000164e-03
1.003461858924083572e+00 9.783374923559999825e-01 6.172705927960000193e-03
1.003687133424818967e+00 9.738416990660000438e-01 6.271820883510000402e-03
1.004370466310547272e+00 9.775045958689999592e-01 6.366986943260000316e-03
1.004595740811282667e+00 9.738674622690000060e-01 6.418536058029999936e-03
1.004836033553829111e+00 9.731117766539999492e-01 6.068815918340000372e-03
1.005061308229414863e+00 9.803754660150000300e-01 6.075632732889999638e-03
1.005286582730377631e+00 9.727295393360000375e-01 6.066465327640000252e-03
1.005515611835335221e+00 9.742755916330000376e-01 6.142624250989999792e-03
1.005737131731848422e+00 9.780161374779999806e-01 6.098270818509999615e-03
1.005973670045250401e+00 9.826330942550000058e-01 6.155167052930000243e-03
1.006195189941763601e+00 9.635190244679999738e-01 6.163377847749999805e-03
1.006424219046721191e+00 9.746741832899999958e-01 6.401317200719999767e-03
1.006660757360123171e+00 9.804287780299999477e-01 6.479845306190000140e-03
1.006893541069302955e+00 9.808202999339999950e-01 6.188040529540000077e-03
1.007118815570038350e+00 9.782126517989999659e-01 6.179269616639999733e-03
1.007355353883212956e+00 9.758115959530000438e-01 6.169773146140000199e-03
1.007584382988170546e+00 9.719968857109999583e-01 6.316818356560000361e-03
1.007805902884911120e+00 9.751668162519999683e-01 6.124181810829999739e-03
1.008038686594090905e+00 9.804489396950000213e-01 6.093207013230000219e-03
1.008263961094826300e+00 9.831506537730000383e-01 6.081878624419999844e-03
1.008492990199783890e+00 9.727390153039999765e-01 6.023316826619999793e-03
1.008729528512958495e+00 9.810855858470000079e-01 5.999256775770000008e-03
1.008954803013921264e+00 9.883566297710000281e-01 6.144081167250000329e-03
1.009187586722873675e+00 9.701112825280000518e-01 6.244810542240000241e-03
1.009405352015392054e+00 9.815895565719999771e-01 6.148888881639999644e-03
1.009641890328794034e+00 9.796802766350000136e-01 6.034692868129999666e-03
1.009870919433751624e+00 9.781367908939999634e-01 5.946140166199999876e-03
1.010096193934487019e+00 9.818732166019999985e-01 6.134599143400000336e-03
1.010325223039444609e+00 9.779195364830000070e-01 6.002702925049999659e-03
1.010561761352846588e+00 9.732202258490000313e-01 6.082559801719999819e-03
1.010794545061798999e+00 9.785556130100000471e-01 5.976467445530000110e-03
1.011027328770978784e+00 9.877996048360000447e-01 6.014765895549999651e-03
1.011260112480158568e+00 9.872286492709999584e-01 6.021904529059999601e-03
1.011492896014260623e+00 9.838877569099999665e-01 5.988377319739999691e-03
1.011718170690073748e+00 9.847437508699999897e-01 6.209606576340000357e-03
1.011965972640837208e+00 9.943239173819999888e-01 6.161432846770000145e-03
1.012431540059196777e+00 9.819116016019999726e-01 6.116639863359999915e-03
1.012664323593298832e+00 9.892646234740000155e-01 6.105191675440000201e-03
1.012885843664889762e+00 9.923482822950000504e-01 5.956165096569999637e-03
1.013126136407436206e+00 9.947372663369999923e-01 5.998183077799999763e-03
1.013355165512393796e+00 9.900048894340000016e-01 5.958444123660000015e-03
1.013580440013356565e+00 9.981392524400000132e-01 6.312050747129999834e-03
1.013813223722308976e+00 9.931977965820000254e-01 6.127921845199999981e-03
1.014038498398122101e+00 9.949791790990000218e-01 6.049917991000000085e-03
1.014263772898857496e+00 9.941901382219999750e-01 6.068483012489999870e-03
1.014500311037181746e+00 9.903775618689999449e-01 6.129477097710000176e-03
1.014733094746361530e+00 9.981590291440000096e-01 6.052215685669999623e-03
1.014962123851319120e+00 1.006075760969999955e+00 6.037805663770000157e-03
1.015198662164493726e+00 9.964568548040000362e-01 6.010413349339999677e-03
1.015427691269451316e+00 1.003318370689999961e+00 5.955310085489999745e-03
1.015652965770414085e+00 9.977737496070000489e-01 5.909720821109999689e-03
1.015881994875371674e+00 1.006892113149999934e+00 5.917360992060000102e-03
1.016114778584324085e+00 9.971511133170000152e-01 6.059587094470000358e-03
1.016343807689509049e+00 1.003156021819999966e+00 5.929744552040000331e-03
1.016576591398461460e+00 9.884152327959999651e-01 6.013767964949999836e-03
1.016809375107641245e+00 9.903891468690000366e-01 5.942992785360000363e-03
1.017038404212598834e+00 1.000759811510000041e+00 5.907673208710000241e-03
1.017271187921778619e+00 1.002324306350000027e+00 6.077580794779999587e-03
1.017496462422514014e+00 1.005023413940000054e+00 6.040281219349999745e-03
1.017721736923249409e+00 1.010025400129999973e+00 5.950157713819999826e-03
1.017954520632429194e+00 9.998833206749999647e-01 5.898769205039999623e-03
1.018176040529169768e+00 1.000342862539999933e+00 6.083266602120000061e-03
1.018401315204755520e+00 1.003294986580000048e+00 6.095418653079999818e-03
1.018645362551524158e+00 1.000946272920000046e+00 6.110329886750000099e-03
1.018870637052259553e+00 1.007661369440000065e+00 6.054248415359999788e-03
1.019103420761439338e+00 9.984536690549999927e-01 5.979492014919999578e-03
1.019332449866396928e+00 9.959144129910000309e-01 6.014847037189999593e-03
1.019557724367132323e+00 9.967557108069999838e-01 6.039274082959999838e-03
1.019786753472089913e+00 1.003122587720000070e+00 6.078722405210000047e-03
1.020012027972825308e+00 1.014727675240000071e+00 6.248302326370000319e-03
1.020244811682005093e+00 1.000510311670000041e+00 6.160299194610000147e-03
1.020481349995407072e+00 9.896422305500000016e-01 6.260866183230000097e-03
1.020710379100364662e+00 9.975581130880000202e-01 6.170252543249999874e-03
1.020950672017761462e+00 1.001041981249999990e+00 6.093626956809999710e-03
1.021179701122719052e+00 9.965473743310000465e-01 6.313981255770000425e-03
1.021408730227676642e+00 9.955981243120000101e-01 6.213276584390000148e-03
1.021630250124189843e+00 1.003684328529999892e+00 6.295691074660000365e-03
1.021863033833369627e+00 1.004308628590000030e+00 6.257526258500000285e-03
1.022092062938327217e+00 9.975760731230000067e-01 6.222343065809999782e-03
1.022321092043284807e+00 9.989434965500000319e-01 6.024132151610000346e-03
1.022565139390053446e+00 1.000217146090000009e+00 6.118618663340000263e-03
1.022797923099233230e+00 9.972738871040000008e-01 5.992520816530000176e-03
1.023034461412407836e+00 1.005109242410000103e+00 5.955828836479999666e-03
1.023255981309148410e+00 9.894579428880000416e-01 5.867218819159999814e-03
1.023488765018100821e+00 9.994727606119999663e-01 6.090530302289999705e-03
1.023721548727280606e+00 1.000636413649999890e+00 6.006310706590000000e-03
1.023939314019798985e+00 1.001290000310000039e+00 5.965995531090000081e-03
1.024175852332973591e+00 9.970861925559999506e-01 6.005467422079999867e-03
1.024404881437931181e+00 1.000564858579999994e+00 5.983938696450000379e-03
1.024645174355555355e+00 1.001776897110000064e+00 5.963351328659999805e-03
1.024874203460512945e+00 9.998100660169999543e-01 5.914987754929999612e-03
1.025110741598837194e+00 1.000120806430000009e+00 5.932482308300000319e-03
1.025328507066205930e+00 1.001900804309999948e+00 6.063219634460000063e-03
1.025553781566941325e+00 1.004490913900000004e+00 6.137376255259999712e-03
1.025794074484338125e+00 9.997658395490000016e-01 6.009427070790000075e-03
1.026019348985300894e+00 1.002473176829999923e+00 6.111065105689999881e-03
1.026244623486036289e+00 1.002180969899999941e+00 6.315876587559999568e-03
1.026477407195216074e+00 1.002886402809999966e+00 6.031731067499999759e-03
1.026717699937762518e+00 9.990871126650000544e-01 6.192602433499999962e-03
1.026950483646942303e+00 1.001874987749999946e+00 6.049929886620000405e-03
1.027179512751899892e+00 9.993728020200000062e-01 6.087322342859999985e-03
1.027404787252635288e+00 1.001005046580000002e+00 5.891476523369999774e-03
1.027633816357592877e+00 9.992215455289999992e-01 5.885746954990000133e-03
1.027866600066772662e+00 1.001059904489999930e+00 5.880364448440000315e-03
1.028099383775725073e+00 9.982448322889999615e-01 5.858036247160000425e-03
1.028324658276687842e+00 9.973546053949999823e-01 5.927703103349999877e-03
1.028546178348051399e+00 9.960140888620000466e-01 5.875700658780000363e-03
1.028782716486603022e+00 9.980379734409999815e-01 5.899939822489999597e-03
9.713396430654483993e-01 1.001494651060000018e+00 5.050970031449999835e-03
9.715761813786230050e-01 1.004763203980000075e+00 4.983311445010000021e-03
9.718014558795857738e-01 1.005178328630000006e+00 4.975271819480000211e-03
9.720492578303492337e-01 1.003425999470000107e+00 5.004003885430000076e-03
9.725035614360422187e-01 1.002800803179999978e+00 5.018543105389999988e-03
9.727400997494441981e-01 1.001328249830000017e+00 5.021119450979999975e-03
9.729766380626188038e-01 9.996211266290000452e-01 5.024179348119999985e-03
9.732131763760207832e-01 1.001957358819999921e+00 5.070569777990000145e-03
9.734459599101228378e-01 9.966885978959999504e-01 4.925919383609999626e-03
9.736824982235248171e-01 9.947590175129999990e-01 4.833899355030000199e-03
9.739077727242602123e-01 1.005971548710000052e+00 4.879697156659999757e-03
9.741480656416570127e-01 9.969291736469999554e-01 4.822813844039999798e-03
9.743846037802086357e-01 9.980786603319999895e-01 4.882128764910000258e-03
9.751017277533264860e-01 1.002488564120000092e+00 6.206245891019999961e-03
9.753457752749454812e-01 1.000016202060000081e+00 5.000579571599999759e-03
9.755823134134971042e-01 1.000411719769999985e+00 4.916770138180000423e-03
9.758188517266717099e-01 9.953154245559999724e-01 4.985211191990000096e-03
9.760441262274071050e-01 1.001396352160000003e+00 5.001636865739999931e-03
9.762844191448039055e-01 9.955004952629999959e-01 4.922920258940000418e-03
9.765096936457666743e-01 1.002221040120000017e+00 4.971142960299999684e-03
9.767424773547190853e-01 1.005161875069999988e+00 4.838431616099999819e-03
9.769902793057099188e-01 1.003264013459999937e+00 4.826821258640000278e-03
9.772343266524785577e-01 1.001625832059999999e+00 4.897908694059999873e-03
9.774671103616583423e-01 9.966041277110000429e-01 4.881331183340000338e-03
9.777111578830499639e-01 1.000516836300000101e+00 4.875722232260000163e-03
9.779514506258237816e-01 1.000426429920000082e+00 4.804272284329999705e-03
9.781842343347761926e-01 9.981865730879999621e-01 4.826205021869999813e-03
9.784207726481781719e-01 1.003974163789999929e+00 4.846956683919999981e-03
9.786535563571305829e-01 1.003164192959999923e+00 4.748902593400000302e-03
9.788938490999044006e-01 1.005198762740000085e+00 4.898929114600000280e-03
9.791228782048619905e-01 9.973024278319999603e-01 4.897737762470000429e-03
9.793594165180365962e-01 1.007298022779999913e+00 4.831907532930000346e-03
9.795959548312112020e-01 9.983885414140000192e-01 4.770189986789999739e-03
9.798362475739850197e-01 1.000688237999999952e+00 4.697731922860000353e-03
9.800690312829374307e-01 1.001618297110000055e+00 4.739124031930000251e-03
9.803018149921172153e-01 1.000167136429999992e+00 4.760738141159999957e-03
9.805496169431080489e-01 9.914859343659999658e-01 4.803652858209999862e-03
9.807824006520604598e-01 9.838463094499999562e-01 4.772183207469999668e-03
9.810189389654624392e-01 1.009860187889999983e+00 4.859065901850000146e-03
9.812517224995644938e-01 9.997061836989999950e-01 4.817407856510000190e-03
9.814882608129664732e-01 1.006174314249999924e+00 4.803059372629999921e-03
9.817172899179240630e-01 1.000306335549999925e+00 4.802053792120000372e-03
9.819575828353208635e-01 1.002235902910000087e+00 4.840084151330000320e-03
9.821903665445006482e-01 9.984105287579999599e-01 4.986542119960000324e-03
9.824269046828248975e-01 9.925642880909999466e-01 5.018039984430000371e-03
9.826634429962268769e-01 9.953402509800000075e-01 5.034187694200000299e-03
9.829074903427681420e-01 9.960497976640000362e-01 4.895040958990000066e-03
9.831477832601649425e-01 9.951068628339999611e-01 4.838890379849999750e-03
9.833805669693447271e-01 9.914413793359999616e-01 4.787256173450000173e-03
9.836133506785245117e-01 9.947452023199999660e-01 4.876000419509999781e-03
9.838423797834821016e-01 9.938455513870000368e-01 4.955831327139999937e-03
9.840751633178115299e-01 1.001898331030000033e+00 4.845679448940000064e-03
9.843117016309861356e-01 9.930230011580000182e-01 4.913317362549999949e-03
9.845482399443881150e-01 9.950939375639999973e-01 4.882302162360000267e-03
9.847847782575627207e-01 9.915822987400000343e-01 4.824873693049999690e-03
9.850213163958869700e-01 1.002942811590000094e+00 4.834312225469999773e-03
9.852541001050667546e-01 9.946697639079999931e-01 4.838674855709999660e-03
9.854868838142465393e-01 9.869271066210000276e-01 4.807911960560000246e-03
9.857196675234263239e-01 9.947758637360000211e-01 4.872960090909999979e-03
9.859524512323787349e-01 9.926217570399999968e-01 4.811629458940000145e-03
9.861814803373363247e-01 9.943702603209999547e-01 4.941725247869999810e-03
9.864142640465161094e-01 9.913728184119999787e-01 4.778829061980000188e-03
9.866508021848403587e-01 9.943326542660000378e-01 4.950349187639999614e-03
9.868986041358311923e-01 9.884005437559999496e-01 4.819581369910000065e-03
9.871313878450109769e-01 9.898319228259999658e-01 4.883106852370000008e-03
9.873716807624077774e-01 9.898296220790000488e-01 4.881656632139999910e-03
9.876044644715875620e-01 9.914909422980000553e-01 4.993254662550000028e-03
9.878447572141340061e-01 9.838482861959999548e-01 4.895889936090000276e-03
9.880850501315308065e-01 9.871144655889999564e-01 4.952028555549999912e-03
9.883140792364883964e-01 9.821500364699999874e-01 4.814798712569999875e-03
9.885543719790348405e-01 9.822018279540000174e-01 4.833904972100000301e-03
9.887909102922094462e-01 9.833145673609999804e-01 4.855902260240000171e-03
9.890161847931722150e-01 9.810533117940000158e-01 4.832200841419999685e-03
9.892564777105690155e-01 9.802433595059999449e-01 4.824870603450000239e-03
9.894855068155266054e-01 9.808791536550000023e-01 4.767622088639999860e-03
9.897257995580730494e-01 9.771608358319999743e-01 4.882508298380000208e-03
9.899623378712476551e-01 9.775382458410000197e-01 4.827160351700000331e-03
9.901951215804274398e-01 9.826279640739999932e-01 4.798364696040000217e-03
9.904241506853850296e-01 9.804941594889999834e-01 4.805006843130000399e-03
9.906606889985596354e-01 9.780776218129999533e-01 4.846540848300000433e-03
9.908897181037445989e-01 9.811502252160000381e-01 4.840963550549999897e-03
9.911337654502858641e-01 9.780925412909999839e-01 4.863663290539999885e-03
9.913703037636878435e-01 9.736433688800000263e-01 4.862886631239999799e-03
9.916030874726402544e-01 9.742850928089999973e-01 4.895913137770000270e-03
9.918396256111918774e-01 9.757900191670000334e-01 4.884080013150000031e-03
9.920761639243664831e-01 9.715218323919999621e-01 4.792157620270000307e-03
9.923127022377684625e-01 9.745292784479999693e-01 4.905925213220000032e-03
9.925492403760927118e-01 9.747697824219999641e-01 4.836837302639999947e-03
9.927857786894946912e-01 9.680785043870000495e-01 4.903596187660000036e-03
9.930260716068914917e-01 9.682122538849999849e-01 4.974267767420000042e-03
9.932513461076268868e-01 9.753505918299999466e-01 4.901466550390000225e-03
9.934841298168066714e-01 9.710951619800000101e-01 4.874736691800000271e-03
9.937206679551309207e-01 9.725813569640000544e-01 4.838076501029999789e-03
9.939647154767499160e-01 9.720881727939999495e-01 4.844637787770000002e-03
9.942050082192963600e-01 9.686920327050000390e-01 4.845216790499999940e-03
9.944415465326983394e-01 9.730619915320000146e-01 4.811399365799999724e-03
9.946818394500951399e-01 9.715343099690000317e-01 4.736656590080000166e-03
9.949183775884193892e-01 9.701539796310000296e-01 4.725286969980000383e-03
9.951586705058161897e-01 9.747801122939999674e-01 4.753272962459999945e-03
9.953914542149959743e-01 9.686995383149999972e-01 4.717746076429999574e-03
9.956242377493254025e-01 9.721444165960000383e-01 4.757645787169999772e-03
9.958682852709443978e-01 9.674724511429999563e-01 4.826248956380000364e-03
9.961010689798968087e-01 9.720417267219999546e-01 4.825529937610000333e-03
9.963376071184484317e-01 9.743126268859999550e-01 4.865264878729999576e-03
9.965628817940341833e-01 9.640483852669999854e-01 4.907094202730000188e-03
9.967994199323584326e-01 9.704543860340000272e-01 4.937225764129999674e-03
9.970397128499826067e-01 9.702027156889999615e-01 4.834395381400000136e-03
9.972800055925290508e-01 9.678994868250000438e-01 4.856082876460000343e-03
9.975127893014814617e-01 9.717619689630000446e-01 4.967320193069999987e-03
9.977380638024442305e-01 9.709221988959999550e-01 4.979856510330000000e-03
9.979783567198410310e-01 9.717429137140000117e-01 4.932524508380000186e-03
9.982186494623874751e-01 9.714950988920000308e-01 5.032508696760000164e-03
9.984514331715672597e-01 9.724495363740000009e-01 4.989535185909999872e-03
9.986879714847418654e-01 9.719042753309999894e-01 4.982883529060000254e-03
9.989132459854772605e-01 9.672966787540000499e-01 5.563552344620000326e-03
9.991535389031014347e-01 9.664415458330000153e-01 5.552206280600000335e-03
9.993825680080590246e-01 9.765999144260000264e-01 6.695006441660000113e-03
9.996303699588224845e-01 9.749080549759999714e-01 5.035502964499999692e-03
9.998706628762192850e-01 9.686958061260000363e-01 6.173127262019999922e-03
1.000099691981176875e+00 9.715810562969999786e-01 6.360035038569999619e-03
1.000317457273695254e+00 9.743646058999999582e-01 5.288800153710000208e-03
1.000550240982875039e+00 9.692854402889999887e-01 4.997698746599999776e-03
1.000779270087832629e+00 9.747500838010000335e-01 5.085207239059999669e-03
1.001019562830379073e+00 9.722082110519999487e-01 4.891035489380000240e-03
1.001259855747775873e+00 9.710722674359999473e-01 4.943983310200000120e-03
1.001492639456955658e+00 9.706000770129999955e-01 5.079327982999999776e-03
1.001732932199502102e+00 9.737367487370000019e-01 5.174677903119999714e-03
1.001973225116898902e+00 9.646408137269999461e-01 5.103095795899999752e-03
1.002221027067889736e+00 9.710059721460000404e-01 5.084181571379999855e-03
1.002487602039536796e+00 9.680396875590000505e-01 5.379655647730000392e-03
1.002716631144494386e+00 9.738403445709999939e-01 5.606728704089999904e-03
1.002941905645229781e+00 9.714557509779999656e-01 4.992587519549999964e-03
1.003178443783781404e+00 9.697755053779999468e-01 5.226658405859999600e-03
1.003418736701178204e+00 9.710694516190000458e-01 5.987639762659999719e-03
1.003655275014352810e+00 9.705864620259999631e-01 6.482839532570000042e-03
1.003884304119310400e+00 9.761103665960000342e-01 5.187586473829999649e-03
1.004124596861856844e+00 9.733855706980000244e-01 5.477338236289999718e-03
1.004361135175258823e+00 9.696432809760000548e-01 5.683961297900000202e-03
1.004601427917805267e+00 9.719168404860000221e-01 5.322866293749999901e-03
1.004841720835202068e+00 9.821650562089999648e-01 5.469646095659999770e-03
1.005078259148376674e+00 9.740707578589999915e-01 5.899983555880000154e-03
1.005314797286928297e+00 9.725860949850000381e-01 5.843519337849999856e-03
1.005540071962514048e+00 9.763993409590000505e-01 5.743982330710000091e-03
1.006249686727414883e+00 9.727168065950000386e-01 6.606361534140000290e-03
1.007214612651750940e+00 9.804257915430000248e-01 6.140728658189999710e-03
1.009568731447416212e+00 9.822986906430000165e-01 6.017087289899999795e-03
1.011423491737104996e+00 9.762987274559999928e-01 5.318314364539999950e-03
1.011667539258723991e+00 9.836041087389999493e-01 4.932467331510000282e-03
1.011907832001270435e+00 9.849268670690000116e-01 4.847886055869999634e-03
1.012140615710450220e+00 9.865753814729999460e-01 4.858506775859999793e-03
1.012369644815407810e+00 9.883463842370000529e-01 4.809755536660000053e-03
1.012606183128582416e+00 9.879214758209999836e-01 4.720328614439999945e-03
1.012838966837762200e+00 9.878152938869999566e-01 4.916822877350000322e-03
1.013071750546941985e+00 9.911595135390000033e-01 4.773825189100000185e-03
1.013304534081044039e+00 9.919477214869999449e-01 4.735020554479999616e-03
1.013541072394446019e+00 9.950895558679999642e-01 4.687694296519999589e-03
1.013770101499403609e+00 9.883237781389999643e-01 4.718056629509999669e-03
1.014010394416800409e+00 9.904827977290000529e-01 4.719736992189999848e-03
1.014254441763569048e+00 9.907646217719999759e-01 4.705875939920000327e-03
1.014487225472521459e+00 9.935730925079999665e-01 4.730727413920000381e-03
1.014716254577479049e+00 1.002859152449999902e+00 4.724256181600000257e-03
1.014945283682436639e+00 9.999387152590000216e-01 4.806056058970000280e-03
1.015178067391616423e+00 9.960408669900000511e-01 4.702057083529999695e-03
1.015407096496574013e+00 1.001197759320000102e+00 4.644435748320000293e-03
1.015639880205753798e+00 9.985310537360000405e-01 4.621814741190000131e-03
1.015883927552522437e+00 9.963049248819999537e-01 4.659430482459999898e-03
1.016112956657480026e+00 1.000677835290000095e+00 5.514767439680000154e-03
1.018925133837910835e+00 9.956620311160000458e-01 6.430738338119999960e-03
1.019157917547090619e+00 1.003431029980000000e+00 4.933625588649999914e-03
1.019398210289637063e+00 9.993505956999999551e-01 4.788267113449999959e-03
1.019638503207033864e+00 9.972446107439999485e-01 4.797591835930000055e-03
1.019878795949580308e+00 1.002358792149999900e+00 4.822502245670000180e-03
1.020115334262754914e+00 1.006334342810000004e+00 4.812871470480000261e-03
1.020348117971934698e+00 9.923684003620000249e-01 4.799228441399999885e-03
1.020584656110486321e+00 9.955936280189999765e-01 4.780752807229999950e-03
1.020824949027883122e+00 1.003822111030000075e+00 4.752404171179999866e-03
1.021065241770429566e+00 1.001542034379999890e+00 4.817767678750000358e-03
1.021301780083604172e+00 1.000565619050000077e+00 4.846747276270000140e-03
1.021542073001000972e+00 1.004516741280000014e+00 4.838731148090000093e-03
1.021774856710180757e+00 9.963838983880000111e-01 4.796947278429999732e-03
1.022003885815138347e+00 9.981185320990000331e-01 4.793605440909999744e-03
1.022236669349467775e+00 1.005054064439999895e+00 4.810675897569999596e-03
1.022461944025053526e+00 9.980286561440000481e-01 4.807020834139999650e-03
1.022683463921794100e+00 9.985927876439999462e-01 4.824249000809999709e-03
1.022916247630973885e+00 1.000021132899999943e+00 4.797243600829999982e-03
1.023149031339926296e+00 9.974282672380000436e-01 4.784409227290000073e-03
1.023396833290917129e+00 9.965631867849999992e-01 4.818023001709999600e-03
1.023633371604091735e+00 1.006575852649999936e+00 4.754868065469999849e-03
1.023869909742643358e+00 9.995937289499999823e-01 4.788371992699999927e-03
1.024113957264034980e+00 1.000493530620000016e+00 4.797659466339999727e-03
1.024358004610803619e+00 1.001263073739999898e+00 4.873868398239999955e-03
1.024594542924205598e+00 9.992823368650000093e-01 4.861705922110000355e-03
1.024834835666752042e+00 1.001924887369999961e+00 4.795437203939999921e-03
1.025071373979926648e+00 1.001238940519999954e+00 4.799904557469999652e-03
1.025304157689106432e+00 1.000435732069999917e+00 4.832445528519999783e-03
1.025533186794064022e+00 9.934611148869999520e-01 4.829236344500000347e-03
1.025765970503243807e+00 9.961185756610000386e-01 4.753825307220000025e-03
1.025998754212196218e+00 1.003982880489999951e+00 4.894091862250000285e-03
1.026239046954970036e+00 1.003437052680000052e+00 4.901492975729999750e-03
1.026471830663922447e+00 9.955501457380000474e-01 5.084293172639999664e-03
1.026697105164885215e+00 9.982863061969999841e-01 5.098920360109999821e-03
1.026941152686276837e+00 1.010008257810000032e+00 5.145198578729999819e-03
1.027181445429050655e+00 1.002112028520000031e+00 5.050781997960000075e-03
1.027417983742225260e+00 1.002552323039999971e+00 4.853729613180000034e-03
1.027654521880549510e+00 1.000222081159999998e+00 4.941820843719999662e-03
1.027879796556362635e+00 9.967794292730000061e-01 5.025791339500000100e-03
1.028131353111348290e+00 9.904854627110000198e-01 4.946883469439999903e-03
1.028364136820528074e+00 9.986726052750000138e-01 4.975549614759999968e-03
1.028596920354630129e+00 1.001908039229999936e+00 4.972342776639999962e-03
1.028837213272254303e+00 9.972084077099999666e-01 4.867982118930000261e-03
1.029073751585428909e+00 1.001946073799999892e+00 4.897162900040000037e-03
1.029299026086164304e+00 9.974980427970000507e-01 4.775375299529999867e-03
